# vmmchannel - strip (even chip number) - strip (odd chip number)

0    0  32 
1    0  33 
2    0  31 
3    0  34 
4    0  30 
5    0  35 
6    0  29 
7    0  36 
8    0  28 
9    0  37 
10   0  27 
11   0  38 
12   0  26 
13   0  39 
14   0  25 
15   0  40 
16   0  24 
17   0  41 
18   0  23 
19   0  42 
20   0  22 
21   0  43 
22   0  21 
23   0  44 
24   0  20 
25   0  45 
26   0  19 
27   0  46 
28   0  18 
29   0  47 
30   0  17 
31   0  48 
32   0  16 
33   0  49 
34   0  15 
35   0  50 
36   0  14 
37   0  51 
38   0  13 
39   0  52 
40   0  12 
41   0  53 
42   0  11 
43   0  54 
44   0  10 
45   0  55 
46   0  9  
47   0  56 
48   0  8  
49   0  57 
50   0  7  
51   0  58 
52   0  6  
53   0  59 
54   0  5  
55   0  60 
56   0  4  
57   0  61 
58   0  3  
59   0  62 
60   0  2  
61   0  63 
62   0  1  
63   0  64 
64   0  128
65   0  65
66   0  127
67   0  66
68   0  126
69   0  67
70   0  125
71   0  68
72   0  124
73   0  69
74   0  123
75   0  70
76   0  122
77   0  71
78   0  121
79   0  72
80   0  120
81   0  73
82   0  119
83   0  74
84   0  118
85   0  75
86   0  117
87   0  76
88   0  116
89   0  77
90   0  115
91   0  78
92   0  114
93   0  79
94   0  113
95   0  80
96   0  112
97   0  81
98   0  111
99   0  82
100  0  110
101  0  83
102  0  109
103  0  84
104  0  108
105  0  85
106  0  107
107  0  86
108  0  106
109  0  87
110  0  105
111  0  88
112  0  104
113  0  89
114  0  103
115  0  90
116  0  102
117  0  91
118  0  101
119  0  92
120  0  100
121  0  93
122  0  99
123  0  94
124  0  98
125  0  95
126  0  97
127  0  96
