# vmmchannel | chip number | T-chamber strip

0    0  32 
1    0  33 
2    0  31 
3    0  34 
4    0  30 
5    0  35 
6    0  29 
7    0  36 
8    0  28 
9    0  37 
10   0  27 
11   0  38 
12   0  26 
13   0  39 
14   0  25 
15   0  40 
16   0  24 
17   0  41 
18   0  23 
19   0  42 
20   0  22 
21   0  43 
22   0  21 
23   0  44 
24   0  20 
25   0  45 
26   0  19 
27   0  46 
28   0  18 
29   0  47 
30   0  17 
31   0  48 
32   0  16 
33   0  49 
34   0  15 
35   0  50 
36   0  14 
37   0  51 
38   0  13 
39   0  52 
40   0  12 
41   0  53 
42   0  11 
43   0  54 
44   0  10 
45   0  55 
46   0  9  
47   0  56 
48   0  8  
49   0  57 
50   0  7  
51   0  58 
52   0  6  
53   0  59 
54   0  5  
55   0  60 
56   0  4  
57   0  61 
58   0  3  
59   0  62 
60   0  2  
61   0  63 
62   0  1  
63   0  64 
0    1  128
1    1  65
2    1  127
3    1  66
4    1  126
5    1  67
6    1  125
7    1  68
8    1  124
9    1  69
10   1  123
11   1  70
12   1  122
13   1  71
14   1  121
15   1  72
16   1  120
17   1  73
18   1  119
19   1  74
20   1  118
21   1  75
22   1  117
23   1  76
24   1  116
25   1  77
26   1  115
27   1  78
28   1  114
29   1  79
30   1  113
31   1  80
32   1  112
33   1  81
34   1  111
35   1  82
36   1  110
37   1  83
38   1  109
39   1  84
40   1  108
41   1  85
42   1  107
43   1  86
44   1  106
45   1  87
46   1  105
47   1  88
48   1  104
49   1  89
50   1  103
51   1  90
52   1  102
53   1  91
54   1  101
55   1  92
56   1  100
57   1  93
58   1  99
59   1  94
60   1  98
61   1  95
62   1  97
63   1  96
